1.000000 0.000000 0.000000 0.000000 0.000000 0.000000 0.000000 0.000000 0.000000 0.000000 
8.307096 1.000000 0.000000 0.000000 0.000000 0.000000 0.000000 0.000000 0.000000 0.000000 
7.892451 1.181192 1.000000 0.000000 0.000000 0.000000 0.000000 0.000000 0.000000 0.000000 
7.901828 1.005264 0.279431 1.000000 0.000000 0.000000 0.000000 0.000000 0.000000 0.000000 
7.148027 1.054617 0.855864 2.572219 1.000000 0.000000 0.000000 0.000000 0.000000 0.000000 
1.358025 0.242576 1.385495 6.603148 2.373147 1.000000 0.000000 0.000000 0.000000 0.000000 
3.927347 0.585601 1.107168 0.045851 -0.251808 0.447376 1.000000 0.000000 0.000000 0.000000 
5.082766 0.930124 2.610907 9.189410 3.776406 4.555289 3.526911 1.000000 0.000000 0.000000 
0.186555 -0.139529 -0.922444 -2.937975 -1.133161 -2.863315 -1.273708 -0.432463 1.000000 0.000000 
0.591704 -0.087882 -0.847677 -6.887326 -3.089781 -2.510185 -0.323075 -0.791795 -13.024236 1.000000 
