1.191101 3.428458 9.144526 4.424249 8.157830 2.067946 0.575088 4.744147 5.180473 9.898902 
0.000000 -18.700629 -68.461291 -34.234211 -60.356968 -15.662378 -1.219030 -31.287457 -39.054741 -76.923667 
0.000000 0.000000 9.598630 9.271270 11.851113 6.467979 -1.623211 5.291691 14.774753 13.353034 
0.000000 0.000000 0.000000 -1.133795 -6.736441 -1.382106 5.967743 -5.516983 -4.043082 -0.546246 
0.000000 0.000000 0.000000 0.000000 13.504537 5.384724 -11.544263 15.110995 9.651718 4.325877 
0.000000 0.000000 0.000000 0.000000 0.000000 -4.434946 -5.528715 2.623826 -7.149197 -17.340148 
0.000000 0.000000 0.000000 0.000000 0.000000 0.000000 6.380755 -1.110218 -5.898593 5.563231 
0.000000 0.000000 0.000000 0.000000 0.000000 0.000000 0.000000 -19.721956 28.710123 39.927494 
0.000000 0.000000 0.000000 0.000000 0.000000 0.000000 0.000000 0.000000 -1.103506 -19.307197 
0.000000 0.000000 0.000000 0.000000 0.000000 0.000000 0.000000 0.000000 0.000000 -249.144366 
